Developer response:
{
"sedentary_minutes": -0.2571629741685517,
"minutes_below_zone_1": 0.19177232914904996,
"lightly_active_minutes": 0.15685373952716822,
"exertion_points": 0.11574069151645701,
"sleep_points": 0.08904191787377856,
"step_goal": 0.05502451870346987,
"altitude": 0.014109105525580793,
"moderately_active_minutes": 0.012782733893535632,
"minutes_in_zone_1": 0.009783335706140905,
"minutes_in_zone_2": -0.006504841747257744,
"very_active_minutes": 0.006167189284689458,
"sleep_duration": 0.003142110201104703,
"calories": 0.0021716590716105576,
"minutes_in_zone_3": 0.001171658072340831,
"exercise_duration": 0.0005997901386267797,
"exercises": 3.4837170118306336e-05,
"steps": 4.729019418139293e-06
}

User response:
This user on Wednesday at 9 o'clock has positive well-being due to the low sedentary minutes, which is an important feature in determining well-being. The user also has a moderate amount of lightly active and moderately active minutes, which suggests they are engaging in physical activities that contribute to their overall well-being. Additionally, the user has high sleep points and a decent exertion point score, indicating that they may be getting adequate rest and putting effort into their physical activity.