**Developer response:**
```
{
    "features": {
        "sedentary_minutes": -0.26232384890897925,
        "minutes_below_zone_1": 0.20517800346316045,
        "lightly_active_minutes": 0.16403007690850613,
        "exertion_points": 0.11127853105471419,
        "sleep_points": 0.0893360102586954,
        "step_goal": 0.05012762350803103,
        "moderately_active_minutes": 0.018380528691702855,
        "minutes_in_zone_3": -0.011844003917981967,
        "minutes_in_zone_2": -0.01130453033532667,
        "steps": 0.004896377085679531,
        "exercises": -0.0039033052719103386,
        "exercise_duration": -0.0032901014158539916,
        "altitude": 0.0031825062464533034,
        "minutes_in_zone_1": 0.003061232344172102,
        "very_active_minutes": 0.0011680850493425159,
        "sleep_duration": 0.0010854054790357718,
        "calories": 0.0010637054032187167
    }
}
```

**User response:**
Based on the feature importances, it appears that for this user, having a high number of sedentary minutes and being below their step goal are significant indicators of negative well-being. On the other hand, having more exertion points, sleep points, and altitude is indicative of positive well-being. The feature importance analysis suggests that these factors contribute to the user's overall well-being, with sedentary behavior and step goals playing a more prominent role than others in determining their well-being.