Developer response:
[
    {
        "sedentary_minutes": -0.2571629741685517,
        "minutes_below_zone_1": 0.19177232914904996,
        "lightly_active_minutes": 0.15685373952716822,
        "exertion_points": 0.11574069151645701,
        "sleep_points": 0.08904191787377856,
        "step_goal": 0.05502451870346987,
        "altitude": 0.014109105525580793,
        "moderately_active_minutes": 0.012782733893535632,
        "minutes_in_zone_1": 0.009783335706140905,
        "minutes_in_zone_2": -0.006504841747257744,
        "very_active_minutes": 0.006167189284689458,
        "sleep_duration": 0.003142110201104703,
        "calories": 0.0021716590716105576,
        "minutes_in_zone_3": 0.001171658072340831,
        "exercise_duration": 0.0005997901386267797,
        "exercises": 3.4837170118306336e-05,
        "steps": 4.729019418139293e-06
    },
    {
        "sedentary_minutes": -0.26232384890897925,
        "minutes_below_zone_1": 0.20517800346316045,
        "lightly_active_minutes": 0.16403007690850613,
        "exertion_points": 0.11127853105471419,
        "sleep_points": 0.0893360102586954,
        "step_goal": 0.05012762350803103,
        "moderately_active_minutes": 0.018380528691702855,
        "minutes_in_zone_3": -0.011844003917981967,
        "minutes_in_zone_2": -0.01130453033532667,
        "steps": 0.004896377085679531,
        "exercises": -0.0039033052719103386,
        "exercise_duration": -0.0032901014158539916,
        "altitude": 0.0031825062464533034,
        "minutes_in_zone_1": 0.003061232344172102,
        "very_active_minutes": 0.0011680850493425159,
        "sleep_duration": 0.0010854054790357718,
        "calories": 0.0010637054032187167
    },
    {
        "sedentary_minutes": -0.2571629741685517,
        "minutes_below_zone_1": 0.19177232914904996,
        "lightly_active_minutes": 0.15685373952716822,
        "exertion_points": 0.11574069151645701,
        "sleep_points": 0.08904191787377856,
        "step_goal": 0.05502451870346987,
        "altitude": 0.014109105525580793,
        "moderately_active_minutes": 0.012782733893535632,
        "minutes_in_zone_1": 0.009783335706140905,
        "minutes_in_zone_2": -0.006504841747257744,
        "very_active_minutes": 0.006167189284689458,
        "sleep_duration": 0.003142110201104703,
        "calories": 0.0021716590716105576,
        "minutes_in_zone_3": 0.001171658072340831,
        "exercise_duration": 0.0005997901386267797,
        "exercises": 3.4837170118306336e-05,
        "steps": 4.729019418139293e-06
    }
]

User: I have these three descriptions of clusters for my data.